  0.0000    0 46000000000.000000     0.000000
  0.0000    1 107500000000.000000     0.000000
  0.0000    2 147100000000.000000     0.000000
  0.0000    3 206600000000.000000     0.000000
  0.0000    4 740500000000.000000     0.000000
  0.0000    5 1352600000000.000000     0.000000
  0.0000    6 2741300000000.000000     0.000000
  0.0000    7 4444500000000.000000     0.000000
  0.0000    8 4436800000000.000000     0.000000
64000000.0000    0 68863248136.870514     2.815688
64000000.0000    1 108409857641.516357     1.881379
64000000.0000    2 147140650266.996307     0.183603
64000000.0000    3 209661910525.507996     0.593229
64000000.0000    4 761881887391.588745     1.161788
64000000.0000    5 1360814545324.156006     0.479853
64000000.0000    6 2742947744218.209961     0.166068
64000000.0000    7 4444654848281.142578     0.079138
64000000.0000    8 4440233246863.098633     0.088129
128000000.0000    0 52997866356.181709    -1.343534
128000000.0000    1 108780586355.804245     3.730861
128000000.0000    2 147261191540.658600     0.367005
128000000.0000    3 217694761345.169067     1.155199
128000000.0000    4 800532622120.235718     2.226095
128000000.0000    5 1383458909914.279053     0.948771
128000000.0000    6 2747841818997.744141     0.331741
128000000.0000    7 4445118402422.601562     0.158266
128000000.0000    8 4450495839804.617188     0.175987
192000000.0000    0 61723166592.397125     2.087339
192000000.0000    1 107655756378.037048    -0.684211
192000000.0000    2 147457457446.719238     0.550012
192000000.0000    3 228034775362.468811     1.670692
192000000.0000    4 816492982275.326172     3.213034
192000000.0000    5 1415337844432.512451     1.399276
192000000.0000    6 2755837205373.136230     0.496636
192000000.0000    7 4445887697878.666016     0.237371
192000000.0000    8 4467477610405.796875     0.263309
256000000.0000    0 63863725833.189758     4.016591
256000000.0000    1 107945733949.017075     1.205040
256000000.0000    2 147722706741.533020     0.732445
256000000.0000    3 237922291403.458679     2.141511
256000000.0000    4 795525015550.792114     4.206672
256000000.0000    5 1449868884432.566162     1.828805
256000000.0000    6 2766700136202.430176     0.660404
256000000.0000    7 4446957818849.652344     0.316444
256000000.0000    8 4490999095719.601562     0.349842
320000000.0000    0 50559559497.283020     1.079795
320000000.0000    1 108897873540.035141     3.063038
320000000.0000    2 148047911749.417572     0.914149
320000000.0000    3 245298467397.601410     2.578720
320000000.0000    4 756602585362.085938    -0.996498
320000000.0000    5 1480791879840.220215     2.239082
320000000.0000    6 2780119159396.416504     0.822739
320000000.0000    7 4448321935633.806641     0.395474
320000000.0000    8 4520817437231.808594     0.435353
384000000.0000    0 69513605690.389282     3.319782
384000000.0000    1 108052473087.829895    -1.364780
384000000.0000    2 148422133038.933014     1.094994
384000000.0000    3 248929893008.309967     2.996375
384000000.0000    4 741019351614.210571     0.173662
384000000.0000    5 1503184930165.674561     2.634632
384000000.0000    6 2795719110055.907715     0.983384
384000000.0000    7 4449971356301.680664     0.474450
384000000.0000    8 4556634028220.488281     0.519632
448000000.0000    0 46428948301.069511    -0.331463
448000000.0000    1 107592589198.044083     0.523355
448000000.0000    2 148832955729.944214     1.274882
448000000.0000    3 248290585633.813812     3.408947
448000000.0000    4 767552125686.483276     1.324714
448000000.0000    5 1513846920611.284668     3.021451
448000000.0000    6 2813076785828.841309     1.142144
448000000.0000    7 4451895592090.699219     0.553362
448000000.0000    8 4598103392343.267578     0.602492
512000000.0000    0 67846182627.930084     2.664359
512000000.0000    1 108711670882.512192     2.394776
512000000.0000    2 149266961252.109222     1.453749
512000000.0000    3 243469549664.983612     3.830869
512000000.0000    4 804998372260.520386     2.373914
512000000.0000    5 1511352883955.468750     3.406157
512000000.0000    6 2831737129864.504883     1.298879
512000000.0000    7 4454082435767.184570     0.632202
512000000.0000    8 4644842742273.401367     0.683778
576000000.0000    0 55586843077.211792     4.699833
576000000.0000    1 108512768899.511200     4.243428
576000000.0000    2 149710209434.610504     1.631566
576000000.0000    3 235188124065.068298     4.276596
576000000.0000    4 815639771875.222900     3.356065
576000000.0000    5 1496030623508.811279     3.795494
576000000.0000    6 2851228879661.041016     1.453513
576000000.0000    7 4456518052068.830078     0.710959
576000000.0000    8 4696441688603.072266     0.763360
640000000.0000    0 59346033142.660698     1.894467
640000000.0000    1 107508955211.959213    -0.161215
640000000.0000    2 150148708938.379303     1.808335
640000000.0000    3 224914755638.921844    -1.523470
640000000.0000    4 790081393027.676147     4.358237
640000000.0000    5 1469968677267.208984     4.195918
640000000.0000    6 2871078885961.119141     1.606024
640000000.0000    7 4459187079225.028320     0.789627
640000000.0000    8 4752471634920.231445     0.841139
704000000.0000    0 65716911120.004921     3.848198
704000000.0000    1 108301564825.380814     1.722692
704000000.0000    2 150568858484.554840     1.984094
704000000.0000    3 214950185323.861633    -0.993804
704000000.0000    4 751864438404.923828    -0.829000
704000000.0000    5 1437030651443.580322     4.613001
704000000.0000    6 2890824587041.496094     1.756442
704000000.0000    7 4462072740453.496094     0.868197
704000000.0000    8 4812494489544.184570     0.917040
768000000.0000    0 48461625460.741486     0.791230
768000000.0000    1 108834958909.278488     3.573491
768000000.0000    2 150957846293.649261     2.158909
768000000.0000    3 208147242162.914093    -0.420140
768000000.0000    4 742560383281.866943     0.346840
768000000.0000    5 1402712937727.296875    -1.232792
768000000.0000    6 2910024392441.477051     1.904843
768000000.0000    7 4465156964258.298828     0.946661
768000000.0000    8 4876070431719.561523     0.991017
832000000.0000    0 69790069606.954926     3.174020
832000000.0000    1 107732763579.744171    -0.844858
832000000.0000    2 151303999943.596985     2.332872
832000000.0000    3 206875480199.245087     0.176746
832000000.0000    4 773458578057.578369     1.485197
832000000.0000    5 1373556777022.354248    -0.774816
832000000.0000    6 2928265954465.301270     2.051343
832000000.0000    7 4468420512298.281250     1.025014
832000000.0000    8 4942764576036.408203     1.063042
896000000.0000    0 47655758355.860275    -0.651286
896000000.0000    1 107845349026.972656     1.044993
896000000.0000    2 151597082981.557922     2.506099
896000000.0000    3 211620491265.135590     0.763469
896000000.0000    4 808831256182.390747     2.520214
896000000.0000    5 1355851318348.112549    -0.300678
896000000.0000    6 2945172470712.944336     2.196092
896000000.0000    7 4471843113562.151367     1.103250
896000000.0000    8 5012152473130.591797     1.133112
960000000.0000    0 66474910162.776024     2.507617
960000000.0000    1 108880470935.561111     2.905904
960000000.0000    2 151828537793.603729     2.678727
960000000.0000    3 220640331995.878510     1.312422
960000000.0000    4 813949043427.328491     3.499544
960000000.0000    5 1353776109335.874268     0.180543
960000000.0000    6 2960407265250.306641     2.339267
960000000.0000    7 4475403603575.134766     1.181364
960000000.0000    8 5083824461211.284180     1.201235
1024000000.0000    0 58172108167.068405     4.481368
1024000000.0000    1 108162840870.773727    -1.524198
1024000000.0000    2 151991676345.055115     2.850906
1024000000.0000    3 231110073456.448822     1.813960
1024000000.0000    4 784321525247.326172     4.511970
1024000000.0000    5 1367839875900.300537     0.657452
1024000000.0000    6 2973676947528.364746     2.481068
1024000000.0000    7 4479080067369.223633     1.259351
1024000000.0000    8 5157388939399.234375     1.267440
1088000000.0000    0 56804810678.278152     1.684914
1088000000.0000    1 107544908596.529144     0.362332
1088000000.0000    2 152081821494.208557     3.022797
1088000000.0000    3 240431879764.038635     2.273486
1088000000.0000    4 747807534874.532471    -0.659527
1088000000.0000    5 1394672901129.234131     1.120085
1088000000.0000    6 2984733458649.435059     2.621711
1088000000.0000    7 4482849984974.754883     1.337209
1088000000.0000    8 5232474670890.478516     1.331763
1152000000.0000    0 67247708377.028069     3.688249
1152000000.0000    1 108629901406.138611     2.237008
1152000000.0000    2 152096401790.894165     3.194569
1152000000.0000    3 246796279762.789337     2.703417
1152000000.0000    4 745072980267.699097     0.519074
1152000000.0000    5 1428331280379.444580     1.562767
1152000000.0000    6 2993375296474.922852     2.761427
1152000000.0000    7 4486690378234.194336     1.414934
1152000000.0000    8 5308732244117.413086     1.394251
1216000000.0000    0 46911450777.294197     0.480042
1216000000.0000    1 108607736720.773331     4.085338
1216000000.0000    2 152035002188.114197     3.366395
1216000000.0000    3 249192911320.984100     3.118070
1216000000.0000    4 779447062376.043213     1.643225
1216000000.0000    5 1462185572323.392578     1.984691
1216000000.0000    6 2999448175180.305176     2.900457
1216000000.0000    7 4490577957793.290039     1.492526
1216000000.0000    8 5385834826793.743164     1.454960
1280000000.0000    0 69689764636.088501     3.028625
1280000000.0000    1 107535585874.648376    -0.322377
1280000000.0000    2 151899372133.740387     3.538444
1280000000.0000    3 247282625474.105225     3.531898
1280000000.0000    4 811955618891.786011     2.665259
1280000000.0000    5 1490398235931.471191     2.388813
1280000000.0000    6 3002845329432.367676     3.039048
1280000000.0000    7 4494489269195.649414     1.569983
1280000000.0000    8 5463478344606.731445     1.513948
1344000000.0000    0 49523081515.052536    -0.950953
1344000000.0000    1 108190602001.205261     1.563682
1344000000.0000    2 151693391287.575714     3.710881
1344000000.0000    3 241334012451.818451     3.959351
1344000000.0000    4 811452200256.359009     3.643765
1344000000.0000    5 1508672159210.087891     2.780339
1344000000.0000    6 3003507623930.780762     3.177452
1344000000.0000    7 4498400837080.848633     1.647305
1344000000.0000    8 5541381206668.989258     1.571281
1408000000.0000    0 64768977180.925255     2.343456
1408000000.0000    1 108873460542.070511     3.416256
1408000000.0000    2 151422991845.743286     3.883862
1408000000.0000    3 232274498333.437744     4.414803
1408000000.0000    4 778377709406.330811     4.668020
1408000000.0000    5 1514473935180.630371     3.165576
1408000000.0000    6 3001423578801.768066     3.315921
1408000000.0000    7 4502289306573.374023     1.724494
1408000000.0000    8 5619283686402.107422     1.627023
1472000000.0000    0 60636613617.526421     4.281088
1472000000.0000    1 107821611201.582886    -1.005257
1472000000.0000    2 151096035367.576477     4.057528
1472000000.0000    3 221817238315.383301    -1.372114
1472000000.0000    4 744555926528.827637    -0.488386
1472000000.0000    5 1507037795809.616455     3.551234
1472000000.0000    6 2996629371624.541016     3.454708
1472000000.0000    7 4506131581035.780273     1.801550
1472000000.0000    8 5696947051418.154297     1.681242
1536000000.0000    0 54200698920.853218     1.455461
1536000000.0000    1 107753896276.210922     0.884661
1536000000.0000    2 150722141308.170563     4.232004
1536000000.0000    3 212483877879.142120    -0.828441
1536000000.0000    4 748476690256.927124     0.689942
1536000000.0000    5 1487348514077.387451     3.944002
1536000000.0000    6 2989208827847.935547     3.594063
1536000000.0000    7 4509904955451.639648     1.878475
1536000000.0000    8 5774152520688.736328     1.734007
1600000000.0000    0 68432429360.251312     3.534622
1600000000.0000    1 108846088870.201340     2.748695
1600000000.0000    2 150312464379.436646     4.407392
1600000000.0000    3 207128355898.098938    -0.244928
1600000000.0000    4 785368215935.099243     1.798852
1600000000.0000    5 1458161842102.032715     4.350094
1600000000.0000    6 2979293362496.986816     3.734230
1600000000.0000    7 4513587244794.402344     1.955274
1600000000.0000    8 5850700112841.934570     1.785386
1664000000.0000    0 46094797149.432022     0.152709
1664000000.0000    1 108274035838.617050     4.599896
1664000000.0000    2 149879418594.968597     4.583769
1664000000.0000    3 207691930201.192535     0.352559
1664000000.0000    4 814311422927.391113     2.809325
1664000000.0000    5 1423986945483.699219    -1.508675
1664000000.0000    6 2967061786727.186035     3.875445
1664000000.0000    7 4517156906826.580078     2.031949
1664000000.0000    8 5926407436371.875977     1.835444
1728000000.0000    0 69213721915.146408     2.882024
1728000000.0000    1 107513961239.055023     0.201192
1728000000.0000    2 149436347561.696472    -1.522003
1728000000.0000    3 213958922110.692627     0.930280
1728000000.0000    4 808196374537.661011     3.789013
1728000000.0000    5 1390815260868.837646    -1.063366
1728000000.0000    6 2952739842712.595215     4.017932
1728000000.0000    7 4520593158859.906250     2.108505
1728000000.0000    8 6001108461161.885742     1.884247
1792000000.0000    0 51827483156.375076    -1.226348
1792000000.0000    1 108537290180.744980     2.078987
1792000000.0000    2 148997143347.374054    -1.343536
1792000000.0000    3 223709954754.561096     1.465408
1792000000.0000    4 772392734128.855591    -1.456701
1792000000.0000    5 1365285900052.162842    -0.598539
1792000000.0000    6 2936599280253.646484     4.161899
1792000000.0000    7 4523876088087.445312     2.184948
1792000000.0000    8 6074652301069.225586     1.931859
1856000000.0000    0 62757628010.623566     2.169605
1856000000.0000    1 108692409801.791641     3.927510
1856000000.0000    2 148575820036.638550    -1.164033
1856000000.0000    3 234079590855.037720     1.953523
1856000000.0000    4 742211860753.492065    -0.315952
1856000000.0000    5 1353124294859.946777    -0.120482
1856000000.0000    6 2918956240596.637695     4.307535
1856000000.0000    7 4526986755173.239258     2.261282
1856000000.0000    8 6146902029333.779297     1.978341
1920000000.0000    0 62895347533.765190     4.095825
1920000000.0000    1 107579193917.058548    -0.483434
1920000000.0000    2 148186052674.152466    -0.983545
1920000000.0000    3 242678265964.369080     2.402872
1920000000.0000    4 752664967750.572388     0.859083
1920000000.0000    5 1357262289415.027344     0.360465
1920000000.0000    6 2900168671613.552246     4.455004
1920000000.0000    7 4529907290853.242188     2.337515
1920000000.0000    8 6217733542093.146484     2.023754
1984000000.0000    0 51670248552.374962     1.203158
1984000000.0000    1 108079764374.666077     1.404345
1984000000.0000    2 147840697262.160278    -0.802156
1984000000.0000    3 247943812059.654816     2.826784
1984000000.0000    4 791080943605.495605     1.952186
1984000000.0000    5 1376686943140.200439     0.832998
1984000000.0000    6 2880632470616.221680     4.604438
1984000000.0000    7 4532620985361.844727     2.413653
1984000000.0000    8 6287034480144.398438     2.068155
2048000000.0000    0 69255542931.659378     3.385430
2048000000.0000    1 108895153285.942093     3.259108
2048000000.0000    2 147551312210.959351    -0.619985
2048000000.0000    3 249076537144.927917     3.239692
2048000000.0000    4 815854346890.106689     2.952703
2048000000.0000    5 1406852570528.013184     1.288543
2048000000.0000    6 2860776046307.656250    -1.527251
2048000000.0000    7 4535112370550.557617     2.489703
2048000000.0000    8 6354703215076.904297     2.111598
2112000000.0000    0 46122535998.529457    -0.180287
2112000000.0000    1 107920002681.318817    -1.165377
2112000000.0000    2 147327705369.423584    -0.437178
2112000000.0000    3 245918323907.035248     3.656037
2112000000.0000    4 804244405256.037231     3.935566
2112000000.0000    5 1441343228436.190674     1.723301
2112000000.0000    6 2841053021532.550781    -1.373641
2112000000.0000    7 4537367294611.396484     2.565674
2112000000.0000    8 6420647902833.900391     2.154137
2176000000.0000    0 68367023993.188477     2.732600
2176000000.0000    1 107673736683.636993     0.724073
2176000000.0000    2 147177532696.379700    -0.253905
2176000000.0000    3 238922008724.569855     4.090282
2176000000.0000    4 766517100433.470581    -1.295779
2176000000.0000    5 1473692975150.787109     2.138053
2176000000.0000    6 2821932876063.636719    -1.217912
2176000000.0000    7 4539372989353.370117     2.641574
2176000000.0000    8 6484785605465.298828     2.195823
2240000000.0000    0 54367519003.143517    -1.477109
2240000000.0000    1 108795564534.330765     2.591363
2240000000.0000    2 147105974114.911530    -0.070356
2240000000.0000    3 229233237120.534912     4.556605
2240000000.0000    4 740850642623.816040    -0.142652
2240000000.0000    5 1498589415459.641846     2.536763
2240000000.0000    6 2803889463882.865723    -1.060114
2240000000.0000    7 4541118130011.225586     2.717411
2240000000.0000    8 6547041480160.821289     2.236704
2304000000.0000    0 60483630687.111412     1.983467
2304000000.0000    1 108383252676.550613     4.441129
2304000000.0000    2 147115508775.613342     0.113272
2304000000.0000    3 218814662179.252991    -1.216530
2304000000.0000    4 757510462019.159546     1.026201
2304000000.0000    5 1512388289298.358887     2.925159
2304000000.0000    6 2787387536018.417969    -0.900356
2304000000.0000    7 4542592887586.990234     2.793194
2304000000.0000    8 6607348033472.081055     2.276827
2368000000.0000    0 64888183907.194466     3.922671
2368000000.0000    1 107500558031.082916     0.039985
2368000000.0000    2 147205805943.337189     0.296774
2368000000.0000    3 210370216798.703094    -0.659467
2368000000.0000    4 796455057033.607178     2.103381
2368000000.0000    5 1513222446114.233887     3.309760
2368000000.0000    6 2772867650203.359375    -0.738807
2368000000.0000    7 4543788973741.444336     2.868933
2368000000.0000    8 6665644437834.147461     2.316236
2432000000.0000    0 49387670299.839798     0.926159
2432000000.0000    1 108436127220.719666     1.920683
2432000000.0000    2 147373739611.786774     0.479954
2432000000.0000    3 206641332635.250885    -0.068434
2432000000.0000    4 816555796571.727539     3.095686
2432000000.0000    5 1500982340853.108398     3.697314
2432000000.0000    6 2760730128875.217773    -0.575694
2432000000.0000    7 4544699678261.440430     2.944636
2432000000.0000    8 6721875906996.366211     2.354973
2496000000.0000    0 69707542080.781784     3.238955
2496000000.0000    1 108764702058.495575     3.769911
2496000000.0000    2 147613525751.763885     0.662627
2496000000.0000    3 209020165519.427734     0.526563
2496000000.0000    4 799674716571.962646     4.083683
2496000000.0000    5 1477313329517.162109     4.094394
2496000000.0000    6 2751318996687.204590    -0.411300
2496000000.0000    7 4545319899134.010742     3.020314
2496000000.0000    8 6775993126693.853516     2.393080
2560000000.0000    0 46990741499.277710    -0.506863
2560000000.0000    1 107638638443.420792    -0.644336
2560000000.0000    2 147916972048.806396     0.844627
2560000000.0000    3 216604934856.030334     1.093242
2560000000.0000    4 760905424475.214844    -1.132422
2560000000.0000    5 1445638102415.013184     4.506870
2560000000.0000    6 2744907034061.938477    -0.245957
2560000000.0000    7 4545646165257.431641     3.095976
2560000000.0000    8 6827951736777.668945     2.430594
2624000000.0000    0 67159517614.011032     2.578626
2624000000.0000    1 107971861076.061066     1.244684
2624000000.0000    2 148273822289.549225     1.025814
2624000000.0000    3 226829554976.257721     1.614212
2624000000.0000    4 740516627022.139893     0.031046
2624000000.0000    5 1411076679853.227783    -1.344188
2624000000.0000    6 2741683168208.905762    -0.080030
2624000000.0000    7 4545676651816.090820     3.171632
2624000000.0000    8 6877711861032.824219     2.467553
2688000000.0000    0 56971290595.783600     4.577997
2688000000.0000    1 108899509541.481155     3.101997
2688000000.0000    2 148672172140.528412     1.206078
2688000000.0000    3 236888896804.715271     2.089677
2688000000.0000    4 762870844255.156738     1.191078
2688000000.0000    5 1380000531961.259277    -0.891144
2688000000.0000    6 2741743344548.146973     0.086088
2688000000.0000    7 4545411188338.356445     3.247292
2688000000.0000    8 6925237681004.251953     2.503994
2752000000.0000    0 58008501714.439041     1.782116
2752000000.0000    1 108025407819.237167    -1.325195
2752000000.0000    2 149098930411.182251     1.385341
2752000000.0000    3 244629004738.921967     2.530035
2752000000.0000    4 801373187921.712646     2.252632
2752000000.0000    5 1358923330482.355469    -0.420358
2752000000.0000    6 2745085766281.477539     0.252000
2752000000.0000    7 4544851259448.582031     3.322966
2752000000.0000    8 6970497050307.764648     2.539949
2816000000.0000    0 66573365376.569717     3.759052
2816000000.0000    1 107606949470.800812     0.563265
2816000000.0000    2 149540299993.557312     1.563562
2816000000.0000    3 248726889291.930145     2.949191
2816000000.0000    4 816402884648.748291     3.238572
2816000000.0000    5 1352730675525.924561     0.060131
2816000000.0000    6 2751610984314.991211     0.417315
2816000000.0000    7 4543999998313.465820     3.398664
2816000000.0000    8 7013461146091.892578     2.575452
2880000000.0000    0 47555607093.215607     0.625026
2880000000.0000    1 108730131053.529617     2.433863
2880000000.0000    2 149982255092.373779     1.740729
2880000000.0000    3 248582140881.116272     3.361614
2880000000.0000    4 794581016071.884888     4.233604
2880000000.0000    5 1362934812542.797119     0.539173
2880000000.0000    6 2761126828304.833496     0.581668
2880000000.0000    7 4542862172775.897461     3.474394
2880000000.0000    8 7054104154531.705078     2.610534
2944000000.0000    0 69783619733.299805     3.093583
2944000000.0000    1 108487752624.010941     4.282675
2944000000.0000    2 150410995394.966034     1.916869
2944000000.0000    3 244214887714.789337     3.781736
2944000000.0000    4 755712013721.494019    -0.966724
2944000000.0000    5 1387062875966.565430     1.006105
2944000000.0000    6 2773357679834.544922     0.744729
2944000000.0000    7 4541444164155.640625     3.550167
2944000000.0000    8 7092402987460.333984     2.645226
3008000000.0000    0 48582206624.888031    -0.816743
3008000000.0000    1 107505050601.614502    -0.121236
3008000000.0000    2 150813362682.097168     2.092036
3008000000.0000    3 236269729996.201202     4.224022
3008000000.0000    4 741220768602.432129     0.204656
3008000000.0000    5 1419639772416.419189     1.454032
3008000000.0000    6 2787957187750.048340     0.906216
3008000000.0000    7 4539753938693.819336     3.625993
3008000000.0000    8 7128337027473.535156     2.679556
3072000000.0000    0 65607184323.969574     2.418201
3072000000.0000    1 108328927367.240448     1.762074
3072000000.0000    2 151177210308.586273     2.266312
3072000000.0000    3 226122867869.391602     4.702272
3072000000.0000    4 768594691571.888062     1.353571
3072000000.0000    5 1454041638591.408447     1.880991
3072000000.0000    6 2804523276709.906250     1.065905
3072000000.0000    7 4537801011610.377930     3.701879
3072000000.0000    8 7161887899067.886719     2.713553
3136000000.0000    0 59504665298.730782     4.369613
3136000000.0000    1 108822840105.425568     3.612501
3136000000.0000    2 151491720410.380585     2.439806
3136000000.0000    3 215983121349.553406    -1.056732
3136000000.0000    4 805732092275.057007     2.400161
3136000000.0000    5 1484135302204.264160     2.289142
3136000000.0000    6 2822614227945.534180     1.223629
3136000000.0000    7 4535596403743.426758     3.777834
3136000000.0000    8 7193039263591.666016     2.747245
3200000000.0000    0 55419098957.520645     1.562371
3200000000.0000    1 107712368634.145569    -0.805038
3200000000.0000    2 151747667252.162445     2.612646
3200000000.0000    3 208676916545.061249    -0.487402
3200000000.0000    4 815398414530.852051     3.381662
3200000000.0000    5 1505202498438.247314     2.683256
3200000000.0000    6 2841764701397.123535     1.379281
3200000000.0000    7 4533152590743.346680     3.853868
3200000000.0000    8 7221776635999.638672     2.780657
3264000000.0000    0 67922372121.581177     3.602716
3264000000.0000    1 107869643361.592026     1.084713
3264000000.0000    2 151937627646.025787     2.784978
3264000000.0000    3 206703766139.101654     0.108424
3264000000.0000    4 789071712290.424194     4.385543
3264000000.0000    5 1514264224499.038818     3.069443
3264000000.0000    6 2861500777109.820312     1.532814
3264000000.0000    7 4530483444802.276367     3.929987
3264000000.0000    8 7248087221599.157227     2.813815
3328000000.0000    0 46376148117.820511     0.304154
3328000000.0000    1 108886423434.060730     2.944874
3328000000.0000    2 152056140839.903595     2.956960
3328000000.0000    3 210814036065.639404     0.697982
3328000000.0000    4 751085702439.478027    -0.798854
3328000000.0000    5 1510115400159.342529     3.454361
3328000000.0000    6 2881353364701.801270     1.684233
3328000000.0000    7 4527604168914.059570     4.006200
3328000000.0000    8 7271959771166.562500     2.846745
3392000000.0000    0 69482994393.669495     2.947743
3392000000.0000    1 108135131197.070221    -1.484694
3392000000.0000    2 152099820800.009247     3.128758
3392000000.0000    3 219481958658.785980     1.252094
3392000000.0000    4 742940006447.325195     0.377699
3392000000.0000    5 1493302241912.002197     3.844740
3392000000.0000    6 2900869609487.050781     1.833594
3392000000.0000    7 4524531223681.095703     4.082513
3392000000.0000    8 7293384452986.120117     2.879470
3456000000.0000    0 50708221751.419388    -1.103737
3456000000.0000    1 107555274009.956619     0.402280
3456000000.0000    2 152067423568.970459     3.300542
3456000000.0000    3 229929747731.555695     1.758983
3456000000.0000    4 774527028555.395386     1.513614
3456000000.0000    5 1466135105062.028320     4.246966
3456000000.0000    6 2919622172395.488770     1.980993
3456000000.0000    7 4521282246712.371094     4.158933
3456000000.0000    8 7312352740530.788086     2.912014
3520000000.0000    0 63734332574.828415     2.249186
3520000000.0000    1 108651390536.798141     2.276154
3520000000.0000    2 151959871577.328369     3.472486
3520000000.0000    3 239490293321.349701     2.222750
3520000000.0000    4 809443474537.862061     2.546216
3520000000.0000    5 1432695115751.745361     4.666438
3520000000.0000    6 2937216455247.423828     2.126566
3520000000.0000    7 4517875964692.334961     4.235465
3520000000.0000    8 7328857314658.160156     2.944401
3584000000.0000    0 61868506542.989822     4.177706
3584000000.0000    1 108584930557.956635     4.124516
3584000000.0000    2 151780235638.204254     3.644755
3584000000.0000    3 246257461738.111237     2.655348
3584000000.0000    4 813560884243.348633     3.525252
3584000000.0000    5 1398653912575.628662    -1.176715
3584000000.0000    6 2953295975939.801758     2.270475
3584000000.0000    7 4514332098243.628906     4.312115
3584000000.0000    8 7342891979338.981445     2.976653
3648000000.0000    0 52834753070.664803     1.321082
3648000000.0000    1 107527321060.603653    -0.282416
3648000000.0000    2 151533674081.929596     3.817511
3648000000.0000    3 249136087942.198730     3.071013
3648000000.0000    4 783268933837.963257     4.539681
3648000000.0000    5 1370607721165.666504    -0.716375
3648000000.0000    6 2967546173741.687988     2.412912
3648000000.0000    7 4510671259758.288086     4.388888
3648000000.0000    8 7354451590071.830078     3.008792
3712000000.0000    0 68916179255.227890     3.451672
3712000000.0000    1 108218370848.049576     1.603145
3712000000.0000    2 151227327307.204987     3.990899
3712000000.0000    3 247715592906.462341     3.484206
3712000000.0000    4 747164148859.758057    -0.629059
3712000000.0000    5 1354688780693.491699    -0.240778
3712000000.0000    6 2979696953560.060059     2.554085
3712000000.0000    7 4506914844430.709961     4.465787
3712000000.0000    8 7363531994264.600586     3.040842
3776000000.0000    0 46001793924.860756    -0.027678
3776000000.0000    1 108865402878.668167     3.455236
3776000000.0000    2 150870165156.163116     4.165052
3776000000.0000    3 242194707881.679993     3.909370
3776000000.0000    4 745618554719.899414     0.549718
3776000000.0000    5 1354684581680.481934     0.240535
3776000000.0000    6 2989524272224.443848     2.694218
3776000000.0000    7 4503084914791.336914     4.542816
3776000000.0000    8 7370129982983.644531     3.072823
3840000000.0000    0 68808800226.816574     2.799847
3840000000.0000    1 107798468005.044037    -0.965502
3840000000.0000    2 150472784181.487915     4.340080
3840000000.0000    3 233419751052.826050     4.360919
3840000000.0000    4 780514243906.688354     1.671208
3840000000.0000    5 1370596153989.443359     0.716138
3840000000.0000    6 2996851041320.374023     2.833548
3840000000.0000    7 4499204079115.406250     4.619977
3840000000.0000    8 7374243253586.304688     3.104758
3904000000.0000    0 53161589284.610443    -1.365887
3904000000.0000    1 107775732617.451462     0.924449
3904000000.0000    2 150047152272.714813     4.516071
3904000000.0000    3 223008312847.486450    -1.431173
3904000000.0000    4 812434457020.444092     2.691065
3904000000.0000    5 1398637646053.650391     1.176487
3904000000.0000    6 3001547579414.807617     2.972319
3904000000.0000    7 4495295364158.284180     4.697271
3904000000.0000    8 7375870382861.581055     3.136669
3968000000.0000    0 61576841893.490311     2.069141
3968000000.0000    1 108856213085.379745     2.787688
3968000000.0000    2 149606299428.124908     4.693084
3968000000.0000    3 213400108296.853668    -0.892871
3968000000.0000    4 810924506898.581299     3.669635
3968000000.0000    5 1432677516564.108643     1.616530
3968000000.0000    6 3003531798478.751953     3.110782
3968000000.0000    7 4491382082755.191406    -1.508485
3968000000.0000    8 7375010810409.547852     3.168575
4032000000.0000    0 63991926503.598404     3.999227
4032000000.0000    1 108246383515.371078     4.639319
4032000000.0000    2 149163955816.439667    -1.412038
4032000000.0000    3 207461022741.460266    -0.312917
4032000000.0000    4 777307022071.848755     4.696156
4032000000.0000    5 1466119360505.380371     2.036012
4032000000.0000    6 3002769259186.994629     3.249187
4032000000.0000    7 4487487696910.648438    -1.430920
4032000000.0000    8 7371664832092.753906     3.200500
4096000000.0000    0 50412296288.775284     1.055748
4096000000.0000    1 107520060499.222794     0.241164
4096000000.0000    2 148734141681.481476    -1.232928
4096000000.0000    3 207313388276.417877     0.284706
4096000000.0000    4 744067920315.196289    -0.457657
4096000000.0000    5 1493290848584.545166     2.438245
4096000000.0000    6 2999273179723.306641     3.387790
4096000000.0000    7 4483635677093.703125    -1.353222
4096000000.0000    8 7365833603493.809570     3.232465
4160000000.0000    0 69542670847.794678     3.304131
4160000000.0000    1 108561278570.804520     2.118199
4160000000.0000    2 148330717959.802216    -1.052808
4160000000.0000    3 213013733494.804291     0.866178
4160000000.0000    4 749170950568.884644     0.720302
4160000000.0000    5 1510109977663.136719     2.828629
4160000000.0000    6 2993104433404.798828     3.526840
4160000000.0000    7 4479849358546.008789    -1.275392
4160000000.0000    8 7357519153413.955078     3.264492
4224000000.0000    0 46485079519.941254    -0.358723
4224000000.0000    1 108672377288.221909     3.966626
4224000000.0000    2 147966911366.349091    -0.871752
4224000000.0000    3 222512582366.514832     1.406718
4224000000.0000    4 786408223262.968994     1.826415
4224000000.0000    5 1514265492798.697998     3.213548
4224000000.0000    6 2984371521586.214355     3.666586
4224000000.0000    7 4476151795499.261719    -1.197431
4224000000.0000    8 7346724407548.238281     3.296601
4288000000.0000    0 67768527404.219749     2.648227
4288000000.0000    1 107566785436.041595    -0.443503
4288000000.0000    2 147654832609.820160    -0.689865
4288000000.0000    3 232947010291.670746     1.899947
4288000000.0000    4 814647806733.299805     2.834988
4288000000.0000    5 1505210291964.172852     3.599733
4288000000.0000    6 2973230459264.853027     3.807268
4288000000.0000    7 4472565614282.758789    -1.119343
4288000000.0000    8 7333453222574.052734     3.328816
4352000000.0000    0 55754558757.520203     4.678940
4352000000.0000    1 108107238415.268402     1.443890
4352000000.0000    2 147405010607.309998    -0.507283
4352000000.0000    3 241842677034.769653     2.353094
4352000000.0000    4 807539224898.129883     3.815097
4352000000.0000    5 1484148565312.434082     3.993841
4352000000.0000    6 2959884461070.730957     3.949115
4352000000.0000    7 4469112866381.786133    -1.041132
4352000000.0000    8 7317710430996.321289     3.361159
4416000000.0000    0 59186713229.567589     1.875292
4416000000.0000    1 108891352897.598389     3.298071
4416000000.0000    2 147225968277.563782    -0.324167
4416000000.0000    3 247542447533.010529     2.779185
4416000000.0000    4 771330370577.968018    -1.428127
4416000000.0000    5 1454058414898.993652     4.401983
4416000000.0000    6 2944583265069.324707     4.092344
4416000000.0000    7 4465814882577.498047    -0.962802
4416000000.0000    8 7299501897198.521484     3.393652
4480000000.0000    0 65825302193.099564     3.831446
4480000000.0000    1 107894708366.786179    -1.125695
4480000000.0000    2 147123865974.123596    -0.140700
4480000000.0000    3 249166562704.876282     3.192619
4480000000.0000    4 741894800707.134033    -0.285035
4480000000.0000    5 1419657270376.165527    -1.454253
4480000000.0000    6 2927621882448.305664     4.237154
4480000000.0000    7 4462692129357.105469    -0.884360
4480000000.0000    8 7278834585263.136719     3.426319
4544000000.0000    0 48343313876.047333     0.765622
4544000000.0000    1 107692550215.104279     0.763922
4544000000.0000    2 147102236388.798737     0.042922
4544000000.0000    3 246487374047.634003     3.607841
4544000000.0000    4 753486520552.981934     0.889101
4544000000.0000    5 1387077759671.783447    -1.006336
4544000000.0000    6 2909338515964.280273     4.383721
4544000000.0000    7 4459764068829.257812    -0.805812
4544000000.0000    8 7255716639243.220703     3.459182
4608000000.0000    0 69794961598.799744     3.158440
4608000000.0000    1 108809613780.804596     2.630392
4608000000.0000    2 147161829732.750916     0.226496
4608000000.0000    3 239885701108.761078     4.039310
4608000000.0000    4 792069649036.064087     1.979355
4608000000.0000    5 1362943859752.241943    -0.539413
4608000000.0000    6 2890111354623.396484     4.532194
4608000000.0000    7 4457049023408.699219    -0.727164
4608000000.0000    8 7230157476690.748047     3.492267
4672000000.0000    0 47758571312.286224    -0.677461
4672000000.0000    1 108356353736.862579     4.480471
4672000000.0000    2 147300580595.927948     0.409822
4672000000.0000    3 230421288459.324127     4.501296
4672000000.0000    4 816042013265.280273     2.978273
4672000000.0000    5 1352731736399.078369    -0.060375
4672000000.0000    6 2870353934805.870605     4.682687
4672000000.0000    7 4454564046545.371094    -0.648424
4672000000.0000    8 7202167896382.382812     3.525598
4736000000.0000    0 66375069073.380066     2.491070
4736000000.0000    1 107502231211.504852     0.079969
4736000000.0000    2 147513698964.279663     0.592710
4736000000.0000    3 219960142607.350372    -1.277229
4736000000.0000    4 803470675074.500244     3.961911
4736000000.0000    5 1358916142872.424072     0.420116
4736000000.0000    6 2850508769805.202148    -1.447910
4736000000.0000    7 4452324800765.993164    -0.569600
4736000000.0000    8 7171760201322.674805     3.559201
4800000000.0000    0 58335204676.272568     4.461742
4800000000.0000    1 108462020584.985733     1.959968
4800000000.0000    2 147793878617.937531     0.774985
4800000000.0000    3 211141543422.764709    -0.725241
4800000000.0000    4 765490503858.484497    -1.266766
4800000000.0000    5 1379986830369.237793     0.890910
4800000000.0000    6 2831039002984.265137    -1.293199
4800000000.0000    7 4450345444266.635742    -0.490702
4800000000.0000    8 7138948338257.884766     3.593101
4864000000.0000    0 56638058648.163567     1.664557
4864000000.0000    1 108747935856.516373     3.808973
4864000000.0000    2 148131607788.739044     0.956498
4864000000.0000    3 206765104228.232880    -0.136813
4864000000.0000    4 740714818770.396240    -0.111629
4864000000.0000    5 1411059513013.319824     1.343964
4864000000.0000    6 2812417946219.696289    -1.136388
4864000000.0000    7 4448638527246.086914    -0.411739
4864000000.0000    8 7103748055094.926758     3.627326
4928000000.0000    0 67334466627.640457     3.671965
4928000000.0000    1 107622410654.095108    -0.604448
4928000000.0000    2 148515560583.368866     1.137126
4928000000.0000    3 208448248425.436401     0.459508
4928000000.0000    4 758434802295.170410     1.055832
4928000000.0000    5 1445620855096.581055     1.776102
4928000000.0000    6 2795116532481.201660    -0.977557
4928000000.0000    7 4447214899096.844727    -0.332719
4928000000.0000    8 7066177077791.291016     3.661903
4992000000.0000    0 46835216743.009888     0.453153
4992000000.0000    1 107998342396.367737     1.284309
4992000000.0000    2 148933043942.862732     1.316780
4992000000.0000    3 215549687146.883545     1.030669
4992000000.0000    4 797370502497.271729     2.130187
4992000000.0000    5 1477298969313.374756     2.188587
4992000000.0000    6 2779588937663.464844    -0.816846
4992000000.0000    7 4446083627479.144531    -0.253655
4992000000.0000    8 7026255308469.033203     3.696861
5056000000.0000    0 69670433520.062729     3.013014
5056000000.0000    1 108900058813.710037     3.140956
5056000000.0000    2 149370473986.936218     1.495403
5056000000.0000    3 225621367365.295074     1.557127
5056000000.0000    4 816591290784.616821     3.121216
5056000000.0000    5 1500973045046.582275     2.585673
5056000000.0000    6 2766256896607.845703    -0.654454
5056000000.0000    7 4445251930190.563477    -0.174555
5056000000.0000    8 6984005046699.284180     3.732231
5120000000.0000    0 49660296686.169495    -0.975645
5120000000.0000    1 107998611539.733459    -1.285590
5120000000.0000    2 149813857196.728424     1.672972
5120000000.0000    3 235824318450.301910     2.037382
5120000000.0000    4 798800041379.794189     4.110333
5120000000.0000    5 1513219495648.133789     2.973231
5120000000.0000    6 2755493519079.348145    -0.490639
5120000000.0000    7 4444725120612.495117    -0.095431
5120000000.0000    8 6939451236112.174805     3.768043
5184000000.0000    0 64648504095.776802     2.326358
5184000000.0000    1 107622251374.098373     0.603165
5184000000.0000    2 150249255400.029053     1.849501
5184000000.0000    3 243911254949.453186     2.481074
5184000000.0000    4 759942330629.273071    -1.102982
5184000000.0000    5 1512392070984.068848     3.357831
5184000000.0000    6 2747607654980.281250    -0.325709
5184000000.0000    7 4444506567367.735352    -0.016294
5184000000.0000    8 6892621738702.417969     3.804330
5248000000.0000    0 60788737945.856117     4.262521
5248000000.0000    1 108747762093.283707     2.472938
5248000000.0000    2 150663218156.173523     2.025032
5248000000.0000    3 248467886240.863220     2.901920
5248000000.0000    4 740566490572.447876     0.062088
5248000000.0000    5 1498599431828.559326     3.746224
5248000000.0000    6 2742830007588.479004    -0.160016
5248000000.0000    7 4444597668663.705078     0.062845
5248000000.0000    8 6843547639425.980469     3.841125
5312000000.0000    0 54034169733.345383     1.433718
5312000000.0000    1 108462280069.302429     4.321941
5312000000.0000    2 151043171114.601135     2.199637
5312000000.0000    3 248817954876.606354     3.314381
5312000000.0000    4 763871415450.544922     1.220292
5312000000.0000    5 1473707832561.113525     4.144927
5312000000.0000    6 2741302197667.341309     0.006060
5312000000.0000    7 4444997841624.976562     0.141976
5312000000.0000    8 6792263583911.312500     3.878465
5376000000.0000    0 68496338770.810356     3.518678
5376000000.0000    1 107502253792.789444    -0.081253
5376000000.0000    2 151377753595.708862     2.373417
5376000000.0000    3 244912766550.202576     3.732892
5376000000.0000    4 802195859054.874512     2.279113
5376000000.0000    5 1441360641367.951660     4.559669
5376000000.0000    6 2743069810506.404297     0.172121
5376000000.0000    7 4445704526741.372070     0.221087
5376000000.0000    8 6738808152334.599609     3.916384
5440000000.0000    0 46070588311.176559     0.125107
5440000000.0000    1 108356080681.603546     1.801436
5440000000.0000    2 151657102563.915314     2.546491
5440000000.0000    3 237321679453.694519     4.171921
5440000000.0000    4 816285556440.012451     3.264117
5440000000.0000    5 1406869491651.175781    -1.288769
5440000000.0000    6 2748080118939.517090     0.337771
5440000000.0000    7 4446713207379.674805     0.300167
5440000000.0000    8 6683224272729.699219     3.954923
5504000000.0000    0 69170367983.934952     2.866281
5504000000.0000    1 108809750875.085358     3.651519
5504000000.0000    2 151873083086.232788     2.719000
5504000000.0000    3 227330293030.388794     4.645440
5504000000.0000    4 793623710904.137451     4.260600
5504000000.0000    5 1376699980776.712402    -0.833234
5504000000.0000    6 2756184715342.474609     0.502631
5504000000.0000    7 4448017444126.511719     0.379206
5504000000.0000    8 6625559677199.675781     3.994120
5568000000.0000    0 51985680198.878090    -1.249436
5568000000.0000    1 107692744392.742676    -0.765204
5568000000.0000    2 152019467232.122467     2.891096
5568000000.0000    3 217053265336.609741    -1.119051
5568000000.0000    4 754839578215.132690    -0.936881
5568000000.0000    5 1357268505332.011963    -0.360707
5568000000.0000    6 2767146783545.761719     0.666352
5568000000.0000    7 4449608923557.968750     0.458194
5568000000.0000    8 6565867404667.241211     4.034017
5632000000.0000    0 62618817028.865730     2.151799
5632000000.0000    1 107894455244.047470     1.124413
5632000000.0000    2 152092064238.871124     3.062944
5632000000.0000    3 209278189246.066956    -0.554301
5632000000.0000    4 741454682409.378540     0.235632
5632000000.0000    5 1353122179502.469971     0.120239
5632000000.0000    6 2780652287998.352539     0.828629
5632000000.0000    7 4451477520866.106445     0.537121
5632000000.0000    8 6504206353914.388672     4.074659
5696000000.0000    0 63031962313.918617     4.078120
5696000000.0000    1 108891309019.082886     2.983840
5696000000.0000    2 152088804795.028473     3.234713
5696000000.0000    3 206614149664.370850     0.040015
5696000000.0000    4 769643910722.999023     1.382350
5696000000.0000    5 1365275975351.953369     0.598300
5696000000.0000    6 2796324029656.174316     0.989209
5696000000.0000    7 4453611375619.442383     0.615976
5696000000.0000    8 6440641890700.763672     4.116092
5760000000.0000    0 51514027291.482651     1.179865
5760000000.0000    1 108107516706.488770    -1.445169
5760000000.0000    2 152009781679.996277     3.406576
5760000000.0000    3 210068416448.682678     0.632011
5760000000.0000    4 806445097182.859985     2.426360
5760000000.0000    5 1390799864057.198486     1.063136
5760000000.0000    6 2813737360303.312500     1.147897
5760000000.0000    7 4455996979796.897461     0.694751
5760000000.0000    8 6375246512679.700195     4.158362
5824000000.0000    0 69295829160.740875     3.369711
5824000000.0000    1 107566665206.010971     0.442219
5824000000.0000    2 151857247955.730713     3.578701
5824000000.0000    3 218346549614.937683     1.191132
5824000000.0000    4 815130417183.694458     3.407274
5824000000.0000    5 1423969361890.082520     1.508455
5824000000.0000    6 2832436363040.912598     1.304557
5824000000.0000    7 4458619277113.983398     0.773438
5824000000.0000    8 6308100575609.612305     4.201521
5888000000.0000    0 46153788053.785744    -0.207838
5888000000.0000    1 108672171114.061203     2.315284
5888000000.0000    2 151635572655.720703     3.751253
5888000000.0000    3 228736942042.645599     1.703436
5888000000.0000    4 788052629256.352295     4.412920
5888000000.0000    5 1458145367385.812744     1.932881
5888000000.0000    6 2851949464942.133301     1.459113
5888000000.0000    7 4461461772559.829102     0.852028
5888000000.0000    8 6239293083931.714844     4.245620
5952000000.0000    0 68300125928.676918     2.716619
5952000000.0000    1 108561518024.881409     4.163710
5952000000.0000    2 151351152674.719238     3.924382
5952000000.0000    3 238511375123.182220     2.171606
5952000000.0000    4 750329513407.358032    -0.768647
5952000000.0000    5 1487335845146.380371     2.338982
5952000000.0000    6 2871803695991.338379     1.611547
5952000000.0000    7 4464506650981.995117     0.930515
5952000000.0000    8 6168922548088.734375     4.290715
6016000000.0000    0 54534588975.562943    -1.498663
6016000000.0000    1 107520127650.532379    -0.242448
6016000000.0000    2 151012278548.891937     4.098228
6016000000.0000    3 245667189130.321289     2.607058
6016000000.0000    4 743350337225.840088     0.408524
6016000000.0000    5 1507030777443.202637     2.731755
6016000000.0000    6 2891537089921.135254     1.761889
6016000000.0000    7 4467734903498.795898     1.008892
6016000000.0000    8 6097097909907.477539     4.336861
6080000000.0000    0 60329808153.717995     1.964775
6080000000.0000    1 108246103726.030090     1.642588
6080000000.0000    2 150628951247.941650     4.272909
6080000000.0000    3 249022541104.766479     3.023924
6080000000.0000    4 775597216865.842407     1.541953
6080000000.0000    5 1514473510985.465576     3.117415
6080000000.0000    6 2910708990091.348633     1.910219
6080000000.0000    7 4471126460480.043945     1.087152
6080000000.0000    8 6023939535857.516602     4.384118
6144000000.0000    0 65006115130.812302     3.905652
6144000000.0000    1 108856310162.675385     3.494223
6144000000.0000    2 150212647193.955780     4.448523
6144000000.0000    3 248094385506.587158     3.436670
6144000000.0000    4 810032650257.437256     2.572180
6144000000.0000    5 1508678384515.300293     3.502650
6144000000.0000    6 2928908245847.545898     2.056653
6144000000.0000    7 4474660329822.047852     1.165291
6144000000.0000    8 5949580275914.700195     4.432547
6208000000.0000    0 49254119431.031967     0.901263
6208000000.0000    1 107775956650.235031    -0.925731
6208000000.0000    2 149776029670.163635     4.625139
6208000000.0000    3 243012117860.083527     3.859733
6208000000.0000    4 813147177426.298950     3.550985
6208000000.0000    5 1490410279327.431396     3.894171
6208000000.0000    6 2945759447456.988281     2.201341
6208000000.0000    7 4478314739245.522461     1.243305
6208000000.0000    8 5874166582940.264648     4.482210
6272000000.0000    0 69723765104.763809     3.223354
6272000000.0000    1 107798237403.665634     0.964220
6272000000.0000    2 149332606734.519592    -1.480386
6272000000.0000    3 234542711434.170319     4.307557
6272000000.0000    4 782211235163.975098     4.567467
6272000000.0000    5 1462201701664.544678     4.298285
6272000000.0000    6 2960927449976.089844     2.344462
6272000000.0000    7 4482067281367.909180     1.321189
6272000000.0000    8 5797859683790.528320     4.533174
6336000000.0000    0 47073045242.859253    -0.533613
6336000000.0000    1 108865316188.428940     2.826675
6336000000.0000    2 148896338767.174530    -1.301674
6336000000.0000    3 224209274934.592468    -1.489601
6336000000.0000    4 746547174317.251831    -0.598539
6336000000.0000    5 1428348897523.020264    -1.562985
6336000000.0000    6 2974120486184.297852     2.486217
6336000000.0000    7 4485895060340.145508     1.398942
6336000000.0000    8 5720836788592.457031     4.585504
6400000000.0000    0 67069899438.000023     2.562289
6400000000.0000    1 108218651223.219177     4.678761
6400000000.0000    2 148481202778.584473    -1.121934
6400000000.0000    3 214364946512.655701    -0.956735
6400000000.0000    4 746192096298.223877     0.580316
6400000000.0000    5 1394688760358.270020    -1.120314
6400000000.0000    6 2985092177953.171875     2.626822
6400000000.0000    7 4489774838892.023438     1.476562
6400000000.0000    8 5643292318576.679688     4.639267
6464000000.0000    0 57137467529.452988     4.557805
6464000000.0000    1 107527243024.495911     0.281132
6464000000.0000    2 148100725326.251587    -0.941226
6464000000.0000    3 207871691906.755737    -0.380663
6464000000.0000    4 781578425488.104736     1.699114
6464000000.0000    5 1367850643777.655762    -0.657691
6464000000.0000    6 2993642736489.700195     2.766509
6464000000.0000    7 4493683184695.345703     1.554047
6464000000.0000    8 5565439125356.767578     4.694532
6528000000.0000    0 57844411945.980225     1.762339
6528000000.0000    1 108584697046.175751     2.157393
6528000000.0000    2 147767500863.368896    -0.759643
6528000000.0000    3 207013640565.444794     0.216631
6528000000.0000    4 812888424894.349243     2.716842
6528000000.0000    5 1353779274951.368408    -0.180787
6528000000.0000    6 2999619605528.990234     2.905519
6528000000.0000    7 4497596615029.970703     1.631397
6528000000.0000    8 5487509665416.945312    -1.531819
6592000000.0000    0 66670428531.697647     3.742566
6592000000.0000    1 108651604032.418915     4.005756
6592000000.0000    2 147492716911.028381    -0.577309
6592000000.0000    3 212118926384.958588     0.801520
6592000000.0000    4 810372860631.461304     3.695541
6592000000.0000    5 1355846102587.974609     0.300436
6592000000.0000    6 3002917755892.924805     3.044098
6592000000.0000    7 4501491738821.913086     1.708612
6592000000.0000    8 5409757082721.521484    -1.473349
6656000000.0000    0 47458168766.925537     0.598682
6656000000.0000    1 107555383970.872696    -0.403564
6656000000.0000    2 147285710822.855896    -0.394377
6656000000.0000    3 221326862737.430542     1.347397
6656000000.0000    4 776235845445.775757    -1.558815
6656000000.0000    5 1373544453441.978271     0.774580
6656000000.0000    6 3003479790324.946777     3.182500
6656000000.0000    7 4505345395207.941406     1.785695
6656000000.0000    8 5332456139803.151367    -1.413178
6720000000.0000    0 69775612246.682022     3.077999
6720000000.0000    1 108134851721.569580     1.483414
6720000000.0000    2 147153584320.266510    -0.211021
6720000000.0000    3 231793413841.437317     1.845842
6720000000.0000    4 743609460782.738770    -0.426889
6720000000.0000    5 1402696317529.071289     1.232566
6720000000.0000    6 3001295967262.773926     3.320976
6720000000.0000    7 4509134787873.895508     1.862648
6720000000.0000    8 5255903923621.167969    -1.351245
6784000000.0000    0 48705001672.864235    -0.842160
6784000000.0000    1 108886478129.665451     3.337037
6784000000.0000    2 147100900818.863220    -0.027435
6784000000.0000    3 240964553423.595215     2.302963
6784000000.0000    4 749889630073.842773     0.750605
6784000000.0000    5 1437013120501.113037     1.669969
6784000000.0000    6 2996404202530.917480     3.459779
6784000000.0000    7 4512837614504.249023     1.939472
6784000000.0000    8 5180420237377.073242    -1.287493
6848000000.0000    0 65496129443.026901     2.401380
6848000000.0000    1 107869891458.262390    -1.085994
6848000000.0000    2 147129486591.411011     0.156181
6848000000.0000    3 247087225597.830322     2.731422
6848000000.0000    4 787440775833.563110     1.853906
6848000000.0000    5 1469953356593.247070     2.087061
6848000000.0000    6 2988890058930.060059     3.599160
6848000000.0000    7 4516432190769.042969     2.016172
6848000000.0000    8 5106347574181.837891    -1.221874
6912000000.0000    0 59662587373.769699     4.350576
6912000000.0000    1 107712166507.800339     0.803756
6912000000.0000    2 147238350239.116425     0.339625
6912000000.0000    3 249199811199.198120     3.145570
6912000000.0000    4 814957994874.279053     2.860629
6912000000.0000    5 1496019905487.003174     2.487492
6912000000.0000    6 2978886684834.899414     3.739361
6912000000.0000    7 4519897568361.915039     2.092752
6912000000.0000    8 5034050554316.470703    -1.154346
6976000000.0000    0 55251362542.341736     1.541301
6976000000.0000    1 108822712714.076859     2.669410
6976000000.0000    2 147423726474.695038     0.522702
6976000000.0000    3 247004533527.948059     3.559857
6976000000.0000    4 806860218477.130737     3.841224
6976000000.0000    5 1511348275457.331055     2.876833
6976000000.0000    6 2966574613543.965820     3.880619
6976000000.0000    7 4523213646683.593750     2.169218
6976000000.0000    8 4963914696747.222656    -1.084879
7040000000.0000    0 67997091831.070992     3.586627
7040000000.0000    1 108329202752.916107     4.519833
7040000000.0000    2 147679240943.012848     0.705231
7040000000.0000    3 240811164112.806702     3.988737
7040000000.0000    4 770272365548.327637    -1.399474
7040000000.0000    5 1513849030444.993652     3.261540
7040000000.0000    6 2952181285032.420898     4.023156
7040000000.0000    7 4526361277842.083008     2.245574
7040000000.0000    8 4896344390084.052734    -1.013458
7104000000.0000    0 46326709910.837120     0.276798
7104000000.0000    1 107505016804.396561     0.119951
7104000000.0000    2 147996183970.737274     0.887052
7104000000.0000    3 231595422183.682831     4.446551
7104000000.0000    4 741609533173.647705    -0.254094
7104000000.0000    5 1503193482434.924316     3.648356
7104000000.0000    6 2935980101688.623535     4.167181
7104000000.0000    7 4529322364709.613281     2.321827
7104000000.0000    8 4831759931474.866211    -0.940082
7168000000.0000    0 69450838283.971329     2.932076
7168000000.0000    1 108487497548.244415     1.999233
7168000000.0000    2 148363873905.125519     1.068032
7168000000.0000    3 221126741518.570679    -1.337293
7168000000.0000    4 754328311612.340942     0.919053
7168000000.0000    5 1480805706593.492920     4.043900
7168000000.0000    6 2918288781869.340820     4.312881
7168000000.0000    7 4532079951838.607422     2.397984
7168000000.0000    8 4770593517547.156250    -0.864770
7232000000.0000    0 50858228668.294182    -1.127576
7232000000.0000    1 108730313331.255127     3.848047
7232000000.0000    2 148770085909.465485     1.248067
7232000000.0000    3 211972109965.733765    -0.790518
7232000000.0000    4 793046807502.949951     2.006456
7232000000.0000    5 1449885918504.902100     4.454168
7232000000.0000    6 2899466734118.460938     4.460420
7232000000.0000    7 4534618309093.733398     2.474052
7232000000.0000    8 4713284103003.611328    -0.787564
7296000000.0000    0 63603757912.467514     2.231732
7296000000.0000    1 107607099364.148010    -0.564549
7296000000.0000    2 149201520093.424530     1.427089
7296000000.0000    3 206970638580.946716    -0.205083
7296000000.0000    4 816202660703.159912     3.003832
7296000000.0000    5 1415355203948.391113    -1.399499
7296000000.0000    6 2879911147676.623535     4.609927
7296000000.0000    7 4536923007902.970703     2.550039
7296000000.0000    8 4660271092745.842773    -0.708530
7360000000.0000    0 62012845997.636887     4.159620
7360000000.0000    1 108025135740.789871     1.323914
7360000000.0000    2 149644283552.867554     1.605062
7360000000.0000    3 207949118140.976685     0.392108
7360000000.0000    4 802677681156.740234     3.988307
7360000000.0000    5 1383473229011.045410    -0.949004
7360000000.0000    6 2860051491194.436523    -1.521686
7360000000.0000    7 4538980990069.976562     2.625953
7360000000.0000    8 4611986903789.596680    -0.627757
7424000000.0000    0 52672295944.109192     1.298529
7424000000.0000    1 108899520525.275269     3.179914
7424000000.0000    2 150084363762.452606     1.781986
7424000000.0000    3 214533505971.016846     0.967491
7424000000.0000    4 764473223818.452515    -1.237675
7424000000.0000    5 1360822680393.173340    -0.480094
7424000000.0000    6 2840342143234.548340    -1.367998
7424000000.0000    7 4540780629121.115234     2.701802
7424000000.0000    8 4568848522485.725586    -0.545367
7488000000.0000    0 68967591100.194214     3.435860
7488000000.0000    1 107972126856.333710    -1.245965
7488000000.0000    2 150508075062.838257     1.957892
7488000000.0000    3 224414136926.900879     1.499428
7488000000.0000    4 740612022834.323730    -0.080597
7488000000.0000    5 1352600002146.825195    -0.000244
7488000000.0000    6 2821252957670.006348    -1.212192
7488000000.0000    7 4542311784183.182617     2.777595
7488000000.0000    8 4531248285830.729492    -0.461508
7552000000.0000    0 46007174599.105179    -0.055352
7552000000.0000    1 107638470035.422058     0.643052
7552000000.0000    2 150902464915.588776     2.132841
7552000000.0000    3 234731198002.003326     1.984606
7552000000.0000    4 759374755582.007446     1.085391
7552000000.0000    5 1360806414017.946777     0.479612
7552000000.0000    6 2803257704537.946289    -1.054321
7552000000.0000    7 4543565846407.061523     2.853342
7552000000.0000    8 4499544223899.541992    -0.376356
7616000000.0000    0 68752838095.498657     2.783991
7616000000.0000    1 108764537074.850052     2.511999
7616000000.0000    2 151255671453.656952     2.306924
7616000000.0000    3 243146658871.799438     2.431814
7616000000.0000    4 798270728398.188110     2.156932
7616000000.0000    5 1383444593208.747559     0.948538
7616000000.0000    6 2786820525685.037598    -0.894494
7616000000.0000    7 4544535777960.937500     2.929052
7616000000.0000    8 4474050400615.062500    -0.290115
7680000000.0000    0 53325875986.873283    -1.388142
7680000000.0000    1 108436390711.429993     4.361225
7680000000.0000    2 151557228104.704437     2.480253
7680000000.0000    3 248153346368.614899     2.854539
7680000000.0000    4 816599444153.927368     3.146746
7680000000.0000    5 1415320485585.482178     1.399054
7680000000.0000    6 2772380796362.289062    -0.732883
7680000000.0000    7 4545216143624.305664     3.004734
7680000000.0000    8 4455027766420.686523    -0.203010
7744000000.0000    0 61429548560.803574     2.050887
7744000000.0000    1 107500569359.555939    -0.041269
7744000000.0000    2 151798314386.824646     2.652960
7744000000.0000    3 248997607689.076202     3.267227
7744000000.0000    4 797909181699.882935     4.137042
7744000000.0000    5 1449851849405.984131     1.828593
7744000000.0000    6 2760337064605.719238    -0.569718
7744000000.0000    7 4545603135012.401367     3.080399
7744000000.0000    8 4442676072946.760742    -0.115290
7808000000.0000    0 64118923666.506889     3.981908
7808000000.0000    1 108382982377.443130     1.840779
7808000000.0000    2 151971954242.662689     2.825196
7808000000.0000    3 245561796260.456421     3.684316
7808000000.0000    4 758993475489.793091    -1.073467
7808000000.0000    5 1480778050866.050781     2.238879
7808000000.0000    6 2751031008544.991211    -0.405284
7808000000.0000    7 4545694587459.608398     3.156056
7808000000.0000    8 4437127383638.881836    -0.027216
7872000000.0000    0 50266486879.964096     1.031599
7872000000.0000    1 108795711123.167175     3.690547
7872000000.0000    2 152073164512.644135     2.997119
7872000000.0000    3 238341392500.848175     4.120272
7872000000.0000    4 740649538136.335938     0.093125
7872000000.0000    5 1503176374855.856689     2.634434
7872000000.0000    6 2744732553704.508789    -0.239912
7872000000.0000    7 4545489989582.961914     3.231714
7872000000.0000    8 4438441639426.083008     0.060943
7936000000.0000    0 69570188611.279800     3.288487
7936000000.0000    1 107673922598.588226    -0.725356
7936000000.0000    2 152099056476.254517     3.168898
7936000000.0000    3 228533161000.238129     4.589207
7936000000.0000    4 764882717847.680664     1.249428
7936000000.0000    5 1513844807373.063232     3.021256
7936000000.0000    6 2741627371913.795410    -0.073972
7936000000.0000    7 4544990485537.605469     3.307384
7936000000.0000    8 4446604608088.734375     0.148913
8000000000.0000    0 46544509083.915894    -0.385930
8000000000.0000    1 107919744937.423477     1.164096
8000000000.0000    2 152048892997.261810     3.340705
8000000000.0000    3 218156119257.838989    -1.180749
8000000000.0000    4 803000095896.726807     2.305540
8000000000.0000    5 1511357489132.598633     3.405962
8000000000.0000    6 2741807898531.007812     0.092146
8000000000.0000    7 4544198869967.847656     3.383076
8000000000.0000    8 4461528373306.045898     0.236428
8064000000.0000    0 67689410622.741165     2.632071
8064000000.0000    1 108895120290.980774     3.022803
8064000000.0000    2 151924102904.263000     3.512710
8064000000.0000    3 209947969702.218994    -0.620794
8064000000.0000    4 816141066395.085449     3.289670
8064000000.0000    5 1496041338743.128906     3.795295
8064000000.0000    6 2745268743282.286133     0.258043
8064000000.0000    7 4543119575647.635742     3.458799
8064000000.0000    8 4483054325958.851562     0.323230
8128000000.0000    0 55922210508.936546     4.658135
8128000000.0000    1 108080041041.833389    -1.405625
8128000000.0000    2 151728253041.598389     3.685079
8128000000.0000    3 206607120956.669739    -0.028425
8128000000.0000    4 792653766429.902222     4.287662
8128000000.0000    5 1469983996144.375732     4.195712
8128000000.0000    6 2751906960016.960449     0.423329
8128000000.0000    7 4541758653793.114258     3.534563
8128000000.0000    8 4510958431864.612305     0.409080
8192000000.0000    0 59026728375.553535     1.856048
8192000000.0000    1 107579063613.782974     0.482150
8192000000.0000    2 151466977154.354889     3.857970
8192000000.0000    3 209387317721.988922     0.565591
8192000000.0000    4 753986098605.721680    -0.906969
8192000000.0000    5 1437048182007.174561     4.612785
8192000000.0000    6 2761527147695.737793     0.587640
8192000000.0000    7 4540123747023.884766     3.610376
8192000000.0000    8 4544958391455.847656     0.493760
